%%            140.00000             0.00000    0             6.00000
% LAB  survey ------------------
% wanted position:  l, b, RA, DEC, and interpolated  NH
%140.00 ;   0.00 ;  46.81 ;  58.30 ;  0.801E+22
% nearest position: l, b, RA, DEC, and observed NH
%140.00 ;   0.00 ;  46.81 ;  58.30 ;  0.801E+22
% GASS survey ------------------
% NH - median within 6 arcmin radius   0.00    
% NH - mean within specified beam      0.00    
%%GASS      0  datapoints: v_lsr [km/s] and T_B [K] for beam weighted average and median within 6 arcmin
%%LAB     777  datapoints: v_lsr [km/s] and T_B [K]
    -399.85      0.00
    -398.82      0.00
    -397.79     -0.00
    -396.76     -0.00
    -395.73     -0.01
    -394.70     -0.00
    -393.67     -0.00
    -392.64     -0.00
    -391.61     -0.00
    -390.58     -0.00
    -389.55     -0.01
    -388.51     -0.00
    -387.48     -0.00
    -386.45     -0.01
    -385.42     -0.01
    -384.39     -0.00
    -383.36     -0.00
    -382.33      0.00
    -381.30      0.00
    -380.27      0.00
    -379.24     -0.00
    -378.21      0.00
    -377.18      0.01
    -376.15      0.01
    -375.12      0.00
    -374.09     -0.01
    -373.06     -0.01
    -372.03     -0.01
    -371.00     -0.01
    -369.97     -0.01
    -368.93     -0.01
    -367.90     -0.01
    -366.87     -0.00
    -365.84     -0.00
    -364.81     -0.00
    -363.78     -0.00
    -362.75      0.00
    -361.72      0.00
    -360.69      0.00
    -359.66      0.00
    -358.63      0.01
    -357.60      0.00
    -356.57     -0.00
    -355.54     -0.00
    -354.51     -0.00
    -353.48      0.00
    -352.45     -0.00
    -351.42     -0.01
    -350.38     -0.01
    -349.35     -0.01
    -348.32     -0.01
    -347.29     -0.00
    -346.26     -0.00
    -345.23     -0.00
    -344.20     -0.00
    -343.17     -0.00
    -342.14     -0.00
    -341.11      0.00
    -340.08      0.00
    -339.05      0.00
    -338.02      0.00
    -336.99      0.01
    -335.96      0.01
    -334.93      0.00
    -333.90      0.00
    -332.87     -0.00
    -331.84     -0.00
    -330.80      0.00
    -329.77      0.01
    -328.74      0.00
    -327.71      0.00
    -326.68     -0.00
    -325.65      0.00
    -324.62      0.00
    -323.59      0.00
    -322.56      0.01
    -321.53      0.01
    -320.50      0.00
    -319.47      0.00
    -318.44      0.00
    -317.41      0.00
    -316.38      0.00
    -315.35      0.00
    -314.32      0.01
    -313.29      0.00
    -312.25      0.00
    -311.22     -0.00
    -310.19     -0.01
    -309.16      0.00
    -308.13      0.01
    -307.10      0.01
    -306.07      0.01
    -305.04      0.02
    -304.01      0.01
    -302.98      0.01
    -301.95      0.01
    -300.92      0.01
    -299.89      0.01
    -298.86      0.01
    -297.83      0.01
    -296.80      0.01
    -295.77      0.01
    -294.74      0.00
    -293.70      0.00
    -292.67      0.00
    -291.64     -0.00
    -290.61      0.00
    -289.58      0.01
    -288.55      0.01
    -287.52      0.01
    -286.49      0.01
    -285.46      0.01
    -284.43      0.01
    -283.40      0.01
    -282.37      0.01
    -281.34      0.01
    -280.31      0.01
    -279.28      0.01
    -278.25      0.01
    -277.22      0.00
    -276.19      0.00
    -275.16     -0.00
    -274.12      0.00
    -273.09      0.01
    -272.06      0.01
    -271.03      0.00
    -270.00     -0.00
    -268.97     -0.01
    -267.94     -0.00
    -266.91     -0.00
    -265.88     -0.00
    -264.85     -0.00
    -263.82      0.00
    -262.79      0.00
    -261.76      0.00
    -260.73      0.01
    -259.70      0.01
    -258.67      0.01
    -257.64      0.01
    -256.61      0.00
    -255.57      0.00
    -254.54      0.00
    -253.51      0.00
    -252.48      0.00
    -251.45      0.01
    -250.42      0.01
    -249.39      0.01
    -248.36      0.01
    -247.33      0.01
    -246.30      0.01
    -245.27      0.00
    -244.24     -0.00
    -243.21     -0.00
    -242.18      0.00
    -241.15      0.00
    -240.12      0.01
    -239.09      0.01
    -238.06      0.01
    -237.03      0.01
    -235.99      0.01
    -234.96      0.01
    -233.93      0.01
    -232.90      0.01
    -231.87      0.01
    -230.84      0.01
    -229.81      0.01
    -228.78      0.01
    -227.75      0.02
    -226.72      0.02
    -225.69      0.02
    -224.66      0.02
    -223.63      0.02
    -222.60      0.01
    -221.57      0.01
    -220.54      0.01
    -219.51      0.01
    -218.48      0.00
    -217.44      0.01
    -216.41      0.01
    -215.38      0.01
    -214.35      0.01
    -213.32      0.01
    -212.29      0.01
    -211.26      0.01
    -210.23      0.00
    -209.20      0.00
    -208.17      0.00
    -207.14      0.00
    -206.11     -0.00
    -205.08      0.00
    -204.05      0.01
    -203.02      0.01
    -201.99      0.01
    -200.96      0.01
    -199.93      0.01
    -198.89      0.01
    -197.86      0.01
    -196.83      0.01
    -195.80      0.01
    -194.77      0.01
    -193.74      0.01
    -192.71      0.01
    -191.68      0.02
    -190.65      0.02
    -189.62      0.02
    -188.59      0.01
    -187.56      0.01
    -186.53      0.01
    -185.50      0.01
    -184.47      0.01
    -183.44      0.01
    -182.41      0.01
    -181.38      0.01
    -180.35      0.01
    -179.31      0.01
    -178.28      0.01
    -177.25      0.02
    -176.22      0.01
    -175.19      0.01
    -174.16      0.01
    -173.13      0.01
    -172.10      0.01
    -171.07      0.01
    -170.04      0.02
    -169.01      0.02
    -167.98      0.03
    -166.95      0.03
    -165.92      0.03
    -164.89      0.03
    -163.86      0.03
    -162.83      0.04
    -161.80      0.04
    -160.76      0.04
    -159.73      0.05
    -158.70      0.06
    -157.67      0.07
    -156.64      0.07
    -155.61      0.08
    -154.58      0.08
    -153.55      0.09
    -152.52      0.10
    -151.49      0.11
    -150.46      0.12
    -149.43      0.13
    -148.40      0.14
    -147.37      0.15
    -146.34      0.16
    -145.31      0.16
    -144.28      0.17
    -143.25      0.18
    -142.22      0.19
    -141.18      0.20
    -140.15      0.22
    -139.12      0.23
    -138.09      0.24
    -137.06      0.24
    -136.03      0.25
    -135.00      0.25
    -133.97      0.27
    -132.94      0.27
    -131.91      0.28
    -130.88      0.28
    -129.85      0.29
    -128.82      0.30
    -127.79      0.30
    -126.76      0.30
    -125.73      0.30
    -124.70      0.31
    -123.67      0.31
    -122.63      0.32
    -121.60      0.33
    -120.57      0.34
    -119.54      0.34
    -118.51      0.35
    -117.48      0.37
    -116.45      0.39
    -115.42      0.41
    -114.39      0.44
    -113.36      0.48
    -112.33      0.53
    -111.30      0.58
    -110.27      0.65
    -109.24      0.74
    -108.21      0.85
    -107.18      0.99
    -106.15      1.18
    -105.12      1.41
    -104.08      1.70
    -103.05      2.06
    -102.02      2.46
    -100.99      2.89
     -99.96      3.33
     -98.93      3.79
     -97.90      4.27
     -96.87      4.81
     -95.84      5.38
     -94.81      5.99
     -93.78      6.61
     -92.75      7.29
     -91.72      8.03
     -90.69      8.74
     -89.66      9.35
     -88.63      9.80
     -87.60     10.09
     -86.57     10.20
     -85.54     10.22
     -84.50     10.28
     -83.47     10.45
     -82.44     10.82
     -81.41     11.39
     -80.38     12.12
     -79.35     12.93
     -78.32     13.78
     -77.29     14.65
     -76.26     15.46
     -75.23     16.07
     -74.20     16.32
     -73.17     16.18
     -72.14     15.68
     -71.11     14.89
     -70.08     13.96
     -69.05     13.08
     -68.02     12.43
     -66.99     12.15
     -65.95     12.30
     -64.92     12.91
     -63.89     13.99
     -62.86     15.47
     -61.83     17.29
     -60.80     19.30
     -59.77     21.40
     -58.74     23.49
     -57.71     25.52
     -56.68     27.49
     -55.65     29.47
     -54.62     31.53
     -53.59     33.78
     -52.56     36.29
     -51.53     39.12
     -50.50     42.28
     -49.47     45.75
     -48.44     49.47
     -47.40     53.28
     -46.37     56.90
     -45.34     60.07
     -44.31     62.68
     -43.28     64.64
     -42.25     65.89
     -41.22     66.59
     -40.19     66.99
     -39.16     67.11
     -38.13     66.77
     -37.10     65.75
     -36.07     63.95
     -35.04     61.40
     -34.01     58.19
     -32.98     54.44
     -31.95     50.31
     -30.92     46.07
     -29.89     42.04
     -28.86     38.41
     -27.82     35.32
     -26.79     32.89
     -25.76     31.19
     -24.73     30.28
     -23.70     30.16
     -22.67     30.77
     -21.64     32.03
     -20.61     33.83
     -19.58     36.05
     -18.55     38.50
     -17.52     40.92
     -16.49     43.18
     -15.46     45.25
     -14.43     46.98
     -13.40     48.12
     -12.37     48.58
     -11.34     48.57
     -10.31     48.50
      -9.27     48.64
      -8.24     49.19
      -7.21     50.29
      -6.18     51.86
      -5.15     53.44
      -4.12     54.44
      -3.09     54.57
      -2.06     54.12
      -1.03     53.54
       0.00     52.65
       1.03     50.89
       2.06     47.90
       3.09     43.20
       4.12     36.83
       5.15     29.63
       6.18     22.24
       7.21     15.14
       8.24      9.47
       9.27      5.90
      10.31      3.96
      11.34      2.87
      12.37      2.15
      13.40      1.64
      14.43      1.27
      15.46      1.00
      16.49      0.79
      17.52      0.63
      18.55      0.51
      19.58      0.42
      20.61      0.34
      21.64      0.29
      22.67      0.24
      23.70      0.20
      24.73      0.16
      25.76      0.13
      26.79      0.12
      27.82      0.10
      28.86      0.08
      29.89      0.07
      30.92      0.06
      31.95      0.06
      32.98      0.05
      34.01      0.04
      35.04      0.04
      36.07      0.04
      37.10      0.03
      38.13      0.03
      39.16      0.03
      40.19      0.03
      41.22      0.03
      42.25      0.02
      43.28      0.02
      44.31      0.02
      45.34      0.02
      46.37      0.02
      47.41      0.02
      48.44      0.02
      49.47      0.02
      50.50      0.02
      51.53      0.02
      52.56      0.02
      53.59      0.02
      54.62      0.02
      55.65      0.02
      56.68      0.03
      57.71      0.03
      58.74      0.03
      59.77      0.03
      60.80      0.03
      61.83      0.03
      62.86      0.03
      63.89      0.03
      64.92      0.04
      65.95      0.03
      66.99      0.03
      68.02      0.03
      69.05      0.03
      70.08      0.02
      71.11      0.02
      72.14      0.03
      73.17      0.02
      74.20      0.02
      75.23      0.01
      76.26      0.02
      77.29      0.02
      78.32      0.01
      79.35      0.01
      80.38      0.01
      81.41      0.02
      82.44      0.01
      83.47      0.01
      84.50      0.01
      85.54      0.02
      86.57      0.02
      87.60      0.02
      88.63      0.01
      89.66      0.01
      90.69      0.01
      91.72      0.01
      92.75      0.01
      93.78      0.01
      94.81      0.01
      95.84      0.01
      96.87      0.02
      97.90      0.02
      98.93      0.01
      99.96      0.01
     100.99      0.02
     102.02      0.02
     103.05      0.01
     104.08      0.01
     105.12      0.02
     106.15      0.02
     107.18      0.01
     108.21      0.02
     109.24      0.02
     110.27      0.02
     111.30      0.01
     112.33      0.01
     113.36      0.02
     114.39      0.02
     115.42      0.01
     116.45      0.01
     117.48      0.01
     118.51      0.02
     119.54      0.02
     120.57      0.01
     121.60      0.01
     122.63      0.01
     123.67      0.01
     124.70      0.01
     125.73      0.01
     126.76      0.01
     127.79      0.01
     128.82      0.01
     129.85      0.01
     130.88      0.01
     131.91      0.00
     132.94      0.00
     133.97      0.01
     135.00      0.01
     136.03      0.01
     137.06      0.01
     138.09      0.01
     139.12      0.01
     140.15      0.01
     141.18      0.00
     142.22      0.00
     143.25      0.00
     144.28      0.00
     145.31      0.01
     146.34      0.00
     147.37     -0.00
     148.40     -0.00
     149.43      0.00
     150.46      0.01
     151.49      0.01
     152.52      0.01
     153.55      0.01
     154.58      0.02
     155.61      0.01
     156.64      0.00
     157.67      0.00
     158.70      0.00
     159.73     -0.00
     160.76     -0.00
     161.80     -0.00
     162.83      0.00
     163.86      0.00
     164.89      0.00
     165.92     -0.00
     166.95     -0.00
     167.98     -0.00
     169.01     -0.00
     170.04      0.00
     171.07      0.00
     172.10      0.00
     173.13     -0.00
     174.16     -0.00
     175.19      0.00
     176.22     -0.00
     177.25     -0.00
     178.28     -0.00
     179.31      0.00
     180.35      0.00
     181.38     -0.00
     182.41      0.00
     183.44      0.01
     184.47      0.01
     185.50      0.01
     186.53      0.01
     187.56      0.01
     188.59      0.01
     189.62      0.00
     190.65      0.01
     191.68      0.01
     192.71      0.00
     193.74     -0.00
     194.77     -0.00
     195.80     -0.00
     196.83     -0.00
     197.86     -0.00
     198.89     -0.00
     199.93     -0.00
     200.96     -0.00
     201.99     -0.01
     203.02     -0.00
     204.05      0.01
     205.08      0.00
     206.11     -0.00
     207.14     -0.00
     208.17     -0.00
     209.20     -0.00
     210.23      0.00
     211.26      0.00
     212.29      0.00
     213.32     -0.00
     214.35     -0.01
     215.38     -0.01
     216.41      0.00
     217.44      0.00
     218.48      0.01
     219.51      0.00
     220.54     -0.00
     221.57     -0.01
     222.60     -0.01
     223.63     -0.00
     224.66      0.00
     225.69     -0.00
     226.72     -0.00
     227.75     -0.00
     228.78     -0.00
     229.81     -0.00
     230.84     -0.00
     231.87     -0.00
     232.90     -0.00
     233.93     -0.00
     234.96     -0.00
     235.99      0.00
     237.03      0.00
     238.06     -0.00
     239.09     -0.00
     240.12     -0.00
     241.15      0.00
     242.18      0.00
     243.21     -0.01
     244.24     -0.01
     245.27     -0.01
     246.30     -0.01
     247.33     -0.01
     248.36     -0.01
     249.39     -0.01
     250.42     -0.01
     251.45     -0.01
     252.48     -0.00
     253.51     -0.00
     254.54     -0.00
     255.57     -0.00
     256.61     -0.00
     257.64      0.00
     258.67     -0.00
     259.70     -0.01
     260.73     -0.00
     261.76      0.01
     262.79      0.01
     263.82      0.00
     264.85      0.01
     265.88      0.01
     266.91      0.00
     267.94     -0.01
     268.97     -0.00
     270.00      0.01
     271.03      0.00
     272.06     -0.01
     273.09     -0.00
     274.12     -0.00
     275.16     -0.01
     276.19     -0.00
     277.22      0.00
     278.25      0.01
     279.28      0.00
     280.31     -0.01
     281.34     -0.00
     282.37     -0.00
     283.40     -0.00
     284.43      0.00
     285.46      0.01
     286.49      0.00
     287.52     -0.00
     288.55     -0.01
     289.58     -0.00
     290.61      0.00
     291.64      0.00
     292.67     -0.00
     293.70     -0.00
     294.74     -0.01
     295.77     -0.01
     296.80     -0.01
     297.83     -0.00
     298.86      0.00
     299.89      0.00
     300.92      0.01
     301.95      0.01
     302.98      0.01
     304.01      0.00
     305.04      0.00
     306.07      0.00
     307.10      0.00
     308.13      0.00
     309.16      0.00
     310.19      0.01
     311.22      0.01
     312.25      0.01
     313.29      0.01
     314.32      0.01
     315.35      0.02
     316.38      0.01
     317.41      0.01
     318.44      0.01
     319.47      0.01
     320.50      0.00
     321.53      0.01
     322.56      0.01
     323.59      0.01
     324.62      0.00
     325.65      0.00
     326.68      0.01
     327.71      0.01
     328.74      0.00
     329.77     -0.00
     330.80     -0.00
     331.84     -0.00
     332.87     -0.01
     333.90     -0.00
     334.93      0.00
     335.96     -0.00
     336.99     -0.01
     338.02     -0.00
     339.05      0.00
     340.08      0.00
     341.11      0.00
     342.14     -0.01
     343.17     -0.01
     344.20     -0.00
     345.23     -0.00
     346.26     -0.00
     347.29      0.00
     348.32      0.00
     349.35     -0.01
     350.38     -0.01
     351.42     -0.01
     352.45     -0.00
     353.48     -0.01
     354.51     -0.01
     355.54     -0.01
     356.57     -0.01
     357.60     -0.01
     358.63      0.00
     359.66      0.01
     360.69      0.01
     361.72      0.01
     362.75      0.00
     363.78      0.00
     364.81     -0.00
     365.84     -0.01
     366.87     -0.00
     367.90     -0.00
     368.93     -0.00
     369.97     -0.01
     371.00     -0.01
     372.03     -0.01
     373.06     -0.00
     374.09     -0.00
     375.12     -0.00
     376.15      0.01
     377.18      0.01
     378.21      0.01
     379.24      0.01
     380.27      0.00
     381.30      0.00
     382.33      0.01
     383.36      0.01
     384.39      0.01
     385.42      0.01
     386.45      0.01
     387.48      0.01
     388.51      0.01
     389.55      0.00
     390.58     -0.00
     391.61      0.01
     392.64      0.02
     393.67      0.03
     394.70      0.03
     395.73      0.02
     396.76      0.02
     397.79      0.02
     398.82      0.01
     399.85      0.01
   
